-1.367816789626672136e-01 -1.632007868475568557e+00 1.658256254003440455e+00 -1.594803504339916245e+00 -1.573279996889166199e+00 -1.342338896610559273e-01 1.546523060147972058e-03 1.653572938416491287e-04
-1.495556240086358124e-01 -1.638343264517719611e+00 1.668336319502943033e+00 -1.598463856756874524e+00 -1.573363346861344159e+00 -1.470331559393279197e-01 2.017382299325739831e-03 5.779244744834873904e-04
-1.610883090662062200e-01 -1.644424511606276118e+00 1.678508721336375631e+00 -1.602467331517607674e+00 -1.573397593769484404e+00 -1.586394639667180195e-01 2.656657165285368060e-03 1.188493264583187492e-03
-1.715797794753012306e-01 -1.650256388689746556e+00 1.688767909011486879e+00 -1.606806282992647938e+00 -1.573397175985005392e+00 -1.692354728570673317e-01 3.468341950345748496e-03 1.995780559441663951e-03
-1.811951278758709982e-01 -1.655844411689604057e+00 1.699101865734978123e+00 -1.611465472867166460e+00 -1.573372997754029834e+00 -1.789734924367125113e-01 4.455546201933851917e-03 2.998543768561694536e-03
-1.900711819802397284e-01 -1.661194214904231359e+00 1.709494697175660605e+00 -1.616425252139845448e+00 -1.573333232093513168e+00 -1.879810664770722450e-01 5.620694891636470250e-03 4.195610303010627665e-03
-1.983217684952188198e-01 -1.666311114552599282e+00 1.719928433263328449e+00 -1.621663810704237152e+00 -1.573283944231168574e+00 -1.963653890345974373e-01 6.965693498434469277e-03 5.585904807638411920e-03
-2.060414301625207167e-01 -1.671200935750969840e+00 1.730383412808914390e+00 -1.627156831242293267e+00 -1.573229566765842469e+00 -2.042164008093619865e-01 8.491787864238788813e-03 7.168210617571312178e-03
-2.133084078704145792e-01 -1.675870666549334809e+00 1.740833250890335249e+00 -1.632872185337416182e+00 -1.573173253435100616e+00 -2.116092890188040199e-01 1.019876532488874984e-02 8.940288972319951344e-03
-2.201846564844770482e-01 -1.680325795529503230e+00 1.751255197786475648e+00 -1.638782285735320476e+00 -1.573117097377562112e+00 -2.186041868891009654e-01 1.208413835487733359e-02 1.089946640261850973e-02
-2.267233049458019511e-01 -1.684570745372342637e+00 1.761632774187460448e+00 -1.644866292027655996e+00 -1.573062560588897263e+00 -2.252531257953895028e-01 1.414296232453166394e-02 1.303931931669545172e-02
-2.329761659482725566e-01 -1.688640257752984652e+00 1.771978483217356848e+00 -1.651100812156885311e+00 -1.573011219270230354e+00 -2.316074062960222224e-01 1.637011680949874634e-02 1.535343060811529547e-02
-2.389827860101026435e-01 -1.692550796797074319e+00 1.782298820650642268e+00 -1.657474857456809225e+00 -1.572963795689269473e+00 -2.377065033015008100e-01 1.876030031601718176e-02 1.783544616636145719e-02
-2.447633312662950700e-01 -1.696307861259962690e+00 1.792598581648391143e+00 -1.663986630465814187e+00 -1.572920103793300273e+00 -2.435712295102006875e-01 2.130795075618575202e-02 2.047915798448573035e-02
-2.503386897524105259e-01 -1.699917340375342256e+00 1.802885103211088413e+00 -1.670636539177027702e+00 -1.572880046004429211e+00 -2.492230033073000173e-01 2.400744122987382226e-02 2.327829521637079374e-02
-2.557301961403878887e-01 -1.703389863872905696e+00 1.813173716696091287e+00 -1.677428035944380946e+00 -1.572843648084864654e+00 -2.546836472287740127e-01 2.685307941920566863e-02 2.622654990131240843e-02
-2.609589412129699193e-01 -1.706737195479409053e+00 1.823474539363238112e+00 -1.684358762625497441e+00 -1.572810940901255838e+00 -2.599746929985334298e-01 2.983909162541050278e-02 2.931755679624550512e-02
-2.660886565155659578e-01 -1.709986796574791024e+00 1.833815239529520857e+00 -1.691427920709392962e+00 -1.572783759796021252e+00 -2.651587101632619237e-01 3.296007861248598236e-02 3.254450807222526026e-02
-2.712195384281986810e-01 -1.713192514553829371e+00 1.844238485546125794e+00 -1.698623345864922696e+00 -1.572765346141450360e+00 -2.703337810705855881e-01 3.621089130225645797e-02 3.590023637072332907e-02
-2.764036276944045190e-01 -1.716391435271358734e+00 1.854870179779251727e+00 -1.706027432027227952e+00 -1.572756834664101877e+00 -2.755520217908295488e-01 3.958604970362816777e-02 3.937834127265658207e-02
-2.816409786150789185e-01 -1.719640790991854962e+00 1.865800645130457625e+00 -1.713669912219362601e+00 -1.572757387279103192e+00 -2.808158043290446271e-01 4.307931216230861948e-02 4.297286452595511230e-02
-2.869381841464337946e-01 -1.722987946414916038e+00 1.877080528800057380e+00 -1.721553513704368710e+00 -1.572766363775949250e+00 -2.861332640122165039e-01 4.668443517307212937e-02 4.667765588090556222e-02
-2.922928585641890176e-01 -1.726452520320016060e+00 1.888721218782894340e+00 -1.729671344846454684e+00 -1.572782547218460003e+00 -2.915033600512403344e-01 5.039509454882244027e-02 5.048654587785537939e-02
-2.977133428300771101e-01 -1.730045051716130322e+00 1.900682251059730099e+00 -1.737965677095671735e+00 -1.572804764068618910e+00 -2.969350001334322142e-01 5.264844479677837502e-02 5.279639205207803387e-02
-3.031866022704355346e-01 -1.733733002133720058e+00 1.912969332786708332e+00 -1.746480233358796541e+00 -1.572831455507135212e+00 -3.024160744124170241e-01 5.392310848478633345e-02 5.409968650104236831e-02
-3.087014577983074326e-01 -1.737481288600154938e+00 1.925558831602474763e+00 -1.755231579858594237e+00 -1.572861226094796283e+00 -3.079360698887558812e-01 5.454962665716946851e-02 5.473661652337640654e-02
-3.142467348385343251e-01 -1.741264540271902916e+00 1.938409767650869586e+00 -1.764208740321804747e+00 -1.572892902291247230e+00 -3.134844527233008882e-01 5.475584302249528884e-02 5.494171351272975762e-02
-3.198210539571666455e-01 -1.745066034535745381e+00 1.951470935642315663e+00 -1.773381346232753231e+00 -1.572925881607176501e+00 -3.190600764852362659e-01 5.469765640441362486e-02 5.487545453074605534e-02
-3.254235585436449085e-01 -1.748871766805411454e+00 1.964686192678297694e+00 -1.782710623722313814e+00 -1.572959663115839346e+00 -3.246622854323596430e-01 5.448066061907819169e-02 5.464650614818037516e-02
-3.310526779091996219e-01 -1.752670775507757295e+00 1.978003096700102104e+00 -1.792157434981847874e+00 -1.572993816747499940e+00 -3.302897370108907604e-01 5.417547418302611634e-02 5.432750614723561022e-02
-3.367067218601960121e-01 -1.756442147664157849e+00 1.991385889800820763e+00 -1.801707564884819313e+00 -1.573027915474147775e+00 -3.359408573317789193e-01 5.382856085338010022e-02 5.396621495567259508e-02
-3.423838632623404932e-01 -1.760160580865343771e+00 2.004810530716218953e+00 -1.811361924225247222e+00 -1.573061569862282516e+00 -3.416138932797946892e-01 5.346982906604337560e-02 5.359334591815616278e-02
-3.480803680159141322e-01 -1.763804189643388254e+00 2.018275929392526979e+00 -1.821139620067781850e+00 -1.573094467375588890e+00 -3.473052981453886301e-01 5.311793133128418776e-02 5.322802539826374663e-02
-3.537984837231503699e-01 -1.767383116108526941e+00 2.031844417662954871e+00 -1.831088150735276310e+00 -1.573127078544050095e+00 -3.530175986564996204e-01 5.278371100700957746e-02 5.288136220911232588e-02
-3.595437199668935491e-01 -1.770919567159238817e+00 2.045522906025215804e+00 -1.841191742672180665e+00 -1.573159863477860299e+00 -3.587564716811993404e-01 5.247256390804760917e-02 5.255887471373702630e-02
-3.653014840048009471e-01 -1.774444960966389928e+00 2.059314480033310968e+00 -1.851421255574293268e+00 -1.573192518270192464e+00 -3.645082652145584245e-01 5.210698071098057715e-02 5.218346892140627441e-02
-3.710237399800719316e-01 -1.777909765826081401e+00 2.073163405966337081e+00 -1.861772416710776978e+00 -1.573222496208025900e+00 -3.702261727185148232e-01 5.168800324665458190e-02 5.175686421699266654e-02
-3.766904873602483494e-01 -1.781305438991122703e+00 2.087048055102391331e+00 -1.872232536855622520e+00 -1.573249195769659714e+00 -3.758905668396210209e-01 5.121689836529413203e-02 5.128063669353709331e-02
-3.822778111279131474e-01 -1.784615153190262093e+00 2.100944046883736593e+00 -1.882794399653919148e+00 -1.573271838447520388e+00 -3.814778973334930767e-01 5.069496513539960975e-02 5.075640800504543915e-02
-3.877488823994127420e-01 -1.787813131362286478e+00 2.114823063371337408e+00 -1.893455726131785699e+00 -1.573289127526678710e+00 -3.869520143147613944e-01 5.012344621325853095e-02 5.018592485738369857e-02
-3.930593951302571165e-01 -1.790837467950131101e+00 2.128631970633193760e+00 -1.904226439645309465e+00 -1.573299177622193845e+00 -3.922690806967146782e-01 4.950366341359933170e-02 4.957091145088309003e-02
-3.982158612554528299e-01 -1.793662947320039613e+00 2.142341604565102919e+00 -1.915103098515730684e+00 -1.573302771426253965e+00 -3.974345007895253024e-01 4.883736733893095927e-02 4.891269385645038298e-02
-4.032274980603469117e-01 -1.796287712450210128e+00 2.155910096528693032e+00 -1.926047155309563275e+00 -1.573300861732278566e+00 -4.024566771761484141e-01 4.812624884934377928e-02 4.821255885634560812e-02
-4.081078606722799429e-01 -1.798797160280454444e+00 2.169160186762435938e+00 -1.936806124270352480e+00 -1.573294876509233609e+00 -4.073489304825229640e-01 4.737156634593264054e-02 4.747132429668200065e-02
-4.128699291429530627e-01 -1.801191259523079236e+00 2.182054614918381485e+00 -1.947341978077785196e+00 -1.573285581941043398e+00 -4.121234846271953911e-01 4.657512367836022515e-02 4.669030585742496575e-02
-4.175228797050299923e-01 -1.803473298552673354e+00 2.194549049687932296e+00 -1.957606838988834363e+00 -1.573273484737989003e+00 -4.167890489120844033e-01 4.573868603035427527e-02 4.587084994597780130e-02
-4.220711122185612507e-01 -1.805656157751481583e+00 2.206593627169324279e+00 -1.967538115847289104e+00 -1.573258906108910615e+00 -4.213498835392192055e-01 4.486394998572523773e-02 4.501434821729068808e-02
-4.265123932301208565e-01 -1.807750946296247330e+00 2.218204032450666663e+00 -1.977136572526151825e+00 -1.573242053201200585e+00 -4.258039541600694422e-01 4.395264035624726895e-02 4.412251288323038728e-02
-4.308424735507118686e-01 -1.809773321357753595e+00 2.229400811647890279e+00 -1.986403672650330243e+00 -1.573223086945455984e+00 -4.301472892839829365e-01 4.300645742510957742e-02 4.319710469108056783e-02
-4.350654787879770780e-01 -1.811747741616124729e+00 2.240194447636702169e+00 -1.995323362520595056e+00 -1.573202539828734370e+00 -4.343840024888535045e-01 4.202714457070566567e-02 4.223977728662870607e-02
-4.391823140517216451e-01 -1.813694882080829185e+00 2.250590209752071580e+00 -2.003878735501664288e+00 -1.573180692100726530e+00 -4.385150556382612086e-01 4.101642800604569927e-02 4.125220034234564764e-02
-4.431916452737198475e-01 -1.815632387450602847e+00 2.260586804187938448e+00 -2.012049928940925270e+00 -1.573157651919808053e+00 -4.425391976669060812e-01 3.997602194573370016e-02 4.023604181428845628e-02
-4.470988038115777941e-01 -1.817579720352508810e+00 2.270165646564024975e+00 -2.019799221919463594e+00 -1.573133749060197095e+00 -4.464615770615054102e-01 3.890768598449019511e-02 3.919284206660840486e-02
-4.509115440878935788e-01 -1.819557638789823129e+00 2.279311742606571212e+00 -2.027090952531169776e+00 -1.573109401569258159e+00 -4.502897278644683587e-01 3.781320074431972211e-02 3.812413608880613203e-02
-4.546398450555331761e-01 -1.821567022169001460e+00 2.288022523704529299e+00 -2.033920850168492667e+00 -1.573084886308113495e+00 -4.540332224076001344e-01 3.669444468977350188e-02 3.703147790098258035e-02
-4.583167469944999795e-01 -1.823624900347613043e+00 2.296264817660547131e+00 -2.040240222767595757e+00 -1.573061438393745792e+00 -4.577240537407602505e-01 3.555342223904322391e-02 3.591609447607320427e-02
-4.619651270224393036e-01 -1.825742821049737730e+00 2.304043384287808305e+00 -2.046041154648797544e+00 -1.573039795709020527e+00 -4.613846176644938457e-01 3.439207046248832916e-02 3.477946355041985904e-02
-4.655839926179661803e-01 -1.827891762513443652e+00 2.311331286383145223e+00 -2.051326008155843983e+00 -1.573019105324651390e+00 -4.650139495936456702e-01 3.321221657231358815e-02 3.362313231656316459e-02
-4.691651839603556140e-01 -1.830024556683088166e+00 2.318097393400909034e+00 -2.056111059950736397e+00 -1.572998139521840644e+00 -4.686040077423452854e-01 3.201567158960317433e-02 3.244867609954021903e-02
-4.726582632036801512e-01 -1.832101194697222546e+00 2.324344157832550550e+00 -2.060436615036186581e+00 -1.572974393875751886e+00 -4.721060319890502122e-01 3.080383546086763041e-02 3.125818454731849050e-02
-4.760591330945045940e-01 -1.834270652973428728e+00 2.329922294345158740e+00 -2.064014637177804090e+00 -1.572951032626624723e+00 -4.755169563772584929e-01 2.957780486337196688e-02 3.009865786502508370e-02
-4.792743184111942223e-01 -1.836693348818114080e+00 2.334590288293161731e+00 -2.066454674530115554e+00 -1.572924886057081473e+00 -4.787471713452618460e-01 2.833777183030734489e-02 2.895955689621628956e-02
-4.819930365467230970e-01 -1.839774274025817613e+00 2.337156491460802510e+00 -2.066223665354624650e+00 -1.572884316509069347e+00 -4.814966338414292113e-01 2.708076323369942862e-02 2.781087121111333951e-02
-4.839417489367606739e-01 -1.843464598887111006e+00 2.337776590010732569e+00 -2.063497804574646377e+00 -1.572820959182186673e+00 -4.834981263642432192e-01 2.580635573882842163e-02 2.665785715396537525e-02
-4.851827047158304151e-01 -1.847746413947432886e+00 2.336863043791307160e+00 -2.058673018710270863e+00 -1.572741618015633058e+00 -4.848085985689460364e-01 2.451710894518008971e-02 2.549933353432644323e-02
-4.857730419302305758e-01 -1.852501816999427398e+00 2.334694019710839452e+00 -2.052125264708323460e+00 -1.572650211783099605e+00 -4.854799068018640917e-01 2.344235901655166918e-02 2.454965252303569281e-02
-4.857830870272255019e-01 -1.857628714309082385e+00 2.331483536100843690e+00 -2.044156598869642849e+00 -1.572550739458842051e+00 -4.855774659552840600e-01 2.255901533846437629e-02 2.378030952885930652e-02
-4.852947101648495409e-01 -1.863046025156592345e+00 2.327410994501911468e+00 -2.035018428596938822e+00 -1.572447226409994236e+00 -4.851787370076866002e-01 2.185834473361353975e-02 2.318854228762317130e-02
-4.843821799629846603e-01 -1.868679466729374461e+00 2.322618665592664389e+00 -2.024921847526380159e+00 -1.572342711626435019e+00 -4.843546167455345941e-01 2.131515911920087852e-02 2.274933456090159900e-02
-4.831079313145532073e-01 -1.874461021088765333e+00 2.317219567170388128e+00 -2.014045060452816394e+00 -1.572239292174804737e+00 -4.831651565570686535e-01 2.090673625918967188e-02 2.243989830616185954e-02
-4.815264958736870660e-01 -1.880329971296641922e+00 2.311304101224888718e+00 -2.002538188216678616e+00 -1.572138446272755008e+00 -4.816632132719410597e-01 2.061286359856574421e-02 2.223986823711422006e-02
-4.796873927411335892e-01 -1.886234584045194840e+00 2.304945992205191363e+00 -1.990526895584545652e+00 -1.572041272990434724e+00 -4.798971482060211402e-01 2.041566318852362782e-02 2.213114819738101063e-02
-4.776316950354752566e-01 -1.892127773642385824e+00 2.298203452765902099e+00 -1.978117541684361047e+00 -1.571948381839155306e+00 -4.779073869207560166e-01 2.029937163323427413e-02 2.209778519587098089e-02
-4.753942521520619358e-01 -1.897964630467074532e+00 2.291120896960662012e+00 -1.965401117891702354e+00 -1.571860025995959198e+00 -4.757284613620130220e-01 2.025018172061157640e-02 2.212577952861017466e-02
-4.730032827815234819e-01 -1.903705429580475172e+00 2.283733586567136431e+00 -1.952454524221895360e+00 -1.571776197018894816e+00 -4.733885952189011426e-01 2.025603948358545986e-02 2.220294587693384322e-02
-4.704811905821806861e-01 -1.909314950925999677e+00 2.276069386907110026e+00 -1.939342860194811058e+00 -1.571696695169436664e+00 -4.709104333311584512e-01 2.030647950247214950e-02 2.231874639725293930e-02
-4.678443826028888530e-01 -1.914762422954600529e+00 2.268150523808195818e+00 -1.926121113682658370e+00 -1.571621161338006001e+00 -4.683108273642820896e-01 2.039245590715004636e-02 2.246414193254504116e-02
-4.651022751858561732e-01 -1.920020212164223361e+00 2.259994240372089180e+00 -1.912836074004217846e+00 -1.571549057329446830e+00 -4.655998283802327276e-01 2.050617958933139903e-02 2.263145285373010726e-02
-4.622618616711242079e-01 -1.925063925629208583e+00 2.251614047858129464e+00 -1.899527463896029778e+00 -1.571479860459545241e+00 -4.627850696117650764e-01 2.064102126990146821e-02 2.281417124536563867e-02
-4.593290879503849067e-01 -1.929874129796938620e+00 2.243021740464083980e+00 -1.886228156163055836e+00 -1.571413137767770474e+00 -4.598731126736186337e-01 2.079138173497368028e-02 2.300682483814115581e-02
-4.563099539027363205e-01 -1.934436322630552763e+00 2.234228140992978062e+00 -1.872964940270697820e+00 -1.571348573803568183e+00 -4.568705160223949235e-01 2.095256917152507614e-02 2.320483355998365083e-02
-4.532100128556415530e-01 -1.938738631368556176e+00 2.225242354246202314e+00 -1.859760129890614788e+00 -1.571285906410961442e+00 -4.537833380253903370e-01 2.112068383329913923e-02 2.340439288849060703e-02
-4.500338842560673291e-01 -1.942771668662585771e+00 2.216072220131070303e+00 -1.846632148301343701e+00 -1.571224902805112622e+00 -4.506166738135095606e-01 2.129250604672928981e-02 2.360238623801343832e-02
-4.467855281200895368e-01 -1.946528043863363644e+00 2.206724463514339707e+00 -1.833596179960924166e+00 -1.571165360429718660e+00 -4.473749203537706332e-01 2.146537836350961848e-02 2.379627866301515723e-02
-4.434697533278521564e-01 -1.950002558037298162e+00 2.197205165082376510e+00 -1.820664453380242520e+00 -1.571107158654703184e+00 -4.440632424893345420e-01 2.163712082682218291e-02 2.398401005523921950e-02
-4.400895811998148388e-01 -1.953193588957170324e+00 2.187520866258209296e+00 -1.807845902055454035e+00 -1.571050177336932752e+00 -4.406850530518260367e-01 2.180594601175894071e-02 2.416397474747165180e-02
-4.366475243433693976e-01 -1.956100577104601168e+00 2.177677338009597285e+00 -1.795147544019960462e+00 -1.570994307548861491e+00 -4.372432162212027129e-01 2.197043638686115366e-02 2.433494470951056213e-02
-4.331456724232952693e-01 -1.958723871894727964e+00 2.167679702731412750e+00 -1.782574763618482772e+00 -1.570939451994358249e+00 -4.337401355198953756e-01 2.212949935188865749e-02 2.449601843835420151e-02
-4.295857508524598134e-01 -1.961064588247584117e+00 2.157532527655316112e+00 -1.770131555015013403e+00 -1.570885524379258991e+00 -4.301778153468354127e-01 2.228232483550397769e-02 2.464657533901126393e-02
-4.259690664503745783e-01 -1.963124416306522457e+00 2.147239863146660266e+00 -1.757820758436208219e+00 -1.570832444245184645e+00 -4.265578122927592419e-01 2.242834814279811434e-02 2.478624058788978651e-02
-4.222970213556956898e-01 -1.964906339495192000e+00 2.136805769861006787e+00 -1.745643857440800861e+00 -1.570780164136616808e+00 -4.228817440492840807e-01 2.256721273362387314e-02 2.491484252066760580e-02
-4.185710317592543084e-01 -1.966414215824844991e+00 2.126234179532515700e+00 -1.733601275352339099e+00 -1.570728656630576925e+00 -4.191512121924714229e-01 2.269874266055092391e-02 2.503238147948230741e-02
-4.147920859768654545e-01 -1.967650275304703156e+00 2.115527575196733956e+00 -1.721693624728429795e+00 -1.570677862710355699e+00 -4.153673541023035765e-01 2.282292028705702053e-02 2.513899782405653802e-02
-4.109610960352885201e-01 -1.968612056061271209e+00 2.104685361331898097e+00 -1.709923216852248462e+00 -1.570627667195060972e+00 -4.115311572506180071e-01 2.293987920889715634e-02 2.523493468300804302e-02
-4.070819673136081840e-01 -1.969297640027682927e+00 2.093706866852576010e+00 -1.698291695691459546e+00 -1.570578081604394161e+00 -4.076464939541729060e-01 2.304988374835058654e-02 2.532049506975027689e-02
-4.031578756572662958e-01 -1.969706196997747849e+00 2.082591700273491497e+00 -1.686799811646396030e+00 -1.570529106406806763e+00 -4.037165484232027590e-01 2.315325784162058226e-02 2.539606181211736050e-02
-3.991914305622262793e-01 -1.969837822496498747e+00 2.071339689395844452e+00 -1.675447541826942777e+00 -1.570480736745785366e+00 -3.997439653259892700e-01 2.325036543537546338e-02 2.546207459410128673e-02
-3.951848081945701363e-01 -1.969693401161224600e+00 2.059950831654067116e+00 -1.664234191606811075e+00 -1.570432966432808941e+00 -3.957309720243185058e-01 2.334159505646050958e-02 2.551901161504890533e-02
-3.911387611100109463e-01 -1.969273752191717852e+00 2.048424844606788309e+00 -1.653158822373660852e+00 -1.570385744060838862e+00 -3.916784096398589488e-01 2.342733857002628900e-02 2.556738451795165235e-02
-3.870538095688823566e-01 -1.968580265962780018e+00 2.036761537806107025e+00 -1.642219983440031283e+00 -1.570339028913239510e+00 -3.875868843883142345e-01 2.350799109389068581e-02 2.560771685660150759e-02
-3.829306635018889793e-01 -1.967613640049176604e+00 2.024960127310744706e+00 -1.631416329771289142e+00 -1.570292786779802441e+00 -3.834571621196784519e-01 2.358395149503072705e-02 2.564052646325753332e-02
-3.787703383832140558e-01 -1.966373135889092127e+00 2.013018837532892569e+00 -1.620746984066137042e+00 -1.570246982936619240e+00 -3.792902776576563828e-01 2.365561934665561666e-02 2.566631539301393941e-02
-3.745749959158887199e-01 -1.964860947667864233e+00 2.000937336476980022e+00 -1.610209495332056706e+00 -1.570201667438205995e+00 -3.750884005836907509e-01 2.372338318168116730e-02 2.568557245094723815e-02
-3.703521851982612967e-01 -1.963085012126958073e+00 1.988718310436198511e+00 -1.599798574652838701e+00 -1.570157138938278241e+00 -3.708589644921689854e-01 2.378765244211206858e-02 2.569873173110236511e-02
-3.661109166403473392e-01 -1.961052796827122080e+00 1.976364038250754351e+00 -1.589509025346387938e+00 -1.570113692850343634e+00 -3.666108273186863276e-01 2.384883345405944266e-02 2.570619194149709880e-02
-3.618587998714767884e-01 -1.958771517371734605e+00 1.963876534168188082e+00 -1.579335638814775900e+00 -1.570071529417877754e+00 -3.623515153092551344e-01 2.390729568009518358e-02 2.570834824160964788e-02
-3.576022931786717041e-01 -1.956248147436198348e+00 1.951257567950537064e+00 -1.569273205703359819e+00 -1.570030777470660777e+00 -3.580874521994050208e-01 2.396337369332385628e-02 2.570558769227437521e-02
-3.533469107480149973e-01 -1.953489428614798573e+00 1.938508683803076282e+00 -1.559316525618136273e+00 -1.569991512858980531e+00 -3.538241511060953859e-01 2.401736922004669289e-02 2.569828590430192281e-02
-3.490973912202812723e-01 -1.950501876525644329e+00 1.925631215857819489e+00 -1.549460416899652193e+00 -1.569953772518403845e+00 -3.495663716462688031e-01 2.406955317545348902e-02 2.568680466574567098e-02
-3.448575201819583658e-01 -1.947296170751104949e+00 1.912628780746399526e+00 -1.539697712917383887e+00 -1.569917610637505456e+00 -3.453179925839620079e-01 2.412014959236995215e-02 2.567150966844880186e-02
-3.406288291735738993e-01 -1.943889842475839513e+00 1.899508876711041960e+00 -1.530018119214060057e+00 -1.569883087501392493e+00 -3.410807711499346251e-01 2.416931429542287096e-02 2.565279424766302163e-02
-3.364111120228072682e-01 -1.940302243912895630e+00 1.886280115730254225e+00 -1.520410624865713212e+00 -1.569850222643357718e+00 -3.368547619489920542e-01 2.421715982778096729e-02 2.563105421693850916e-02
-3.322025951233376628e-01 -1.936549757720279930e+00 1.872949509607366503e+00 -1.510865695455995583e+00 -1.569818946957526329e+00 -3.326384222697341131e-01 2.426377486300341363e-02 2.560666907476089049e-02
-3.280050404576737577e-01 -1.932648091240893429e+00 1.859523836277044984e+00 -1.501374295644840151e+00 -1.569789311623141614e+00 -3.284335705695435870e-01 2.430927322590409681e-02 2.557995247925423307e-02
-3.238224966631608748e-01 -1.928612090987818606e+00 1.846009617128504088e+00 -1.491928033371707985e+00 -1.569761424084548995e+00 -3.242442086080446484e-01 2.435378114644721342e-02 2.555116819364677827e-02
-3.196546745745501572e-01 -1.924451890370773688e+00 1.832411279345281807e+00 -1.482521203065990889e+00 -1.569735175567855245e+00 -3.200701008866269626e-01 2.439737837711252952e-02 2.552059563019174263e-02
-3.154999217040392323e-01 -1.920176312058764934e+00 1.818733022474445571e+00 -1.473149180005462133e+00 -1.569710415139565107e+00 -3.159096678210584486e-01 2.444012107254023639e-02 2.548850741237122450e-02
-3.113569405552191749e-01 -1.915793539673116497e+00 1.804979338906223196e+00 -1.463808255629759358e+00 -1.569687020575716740e+00 -3.117616487910659373e-01 2.448205984020343853e-02 2.545515263234834555e-02
-3.072267713395379074e-01 -1.911308417092523193e+00 1.791155356803313170e+00 -1.454498652996489838e+00 -1.569664926042739994e+00 -3.076269901166223120e-01 2.452327332556119774e-02 2.542072800417502151e-02
-3.031127096406674437e-01 -1.906725029613422384e+00 1.777269626708776196e+00 -1.445224644347832266e+00 -1.569644151951596678e+00 -3.035088033248717343e-01 2.456720965308967913e-02 2.539088797932808478e-02
-2.990387791585707444e-01 -1.902045089997852045e+00 1.763340131177876247e+00 -1.436001872210896924e+00 -1.569625350870318181e+00 -2.994302075533245566e-01 2.461344852074628248e-02 2.536473814054488948e-02
-2.950213629230319934e-01 -1.897271417724538445e+00 1.749383155395789480e+00 -1.426843337297797110e+00 -1.569608826259553336e+00 -2.954071193136502682e-01 2.466156571004424550e-02 2.534155257010035564e-02
-2.910676592272400942e-01 -1.892409477675499163e+00 1.735395918796331483e+00 -1.417741392773695264e+00 -1.569594542287401584e+00 -2.914467298745641588e-01 2.471107186103590689e-02 2.532077013639611254e-02
-2.871820382813032313e-01 -1.887465693851007931e+00 1.721377602618028968e+00 -1.408689182780975546e+00 -1.569582386457357481e+00 -2.875535114762736710e-01 2.476152055486428513e-02 2.530193448898959696e-02
-2.833679326259470055e-01 -1.882445783822283003e+00 1.707328087144962758e+00 -1.399681142679758628e+00 -1.569572223682246470e+00 -2.837310039072008516e-01 2.481252602061717952e-02 2.528465878660659388e-02
-2.796373837823945552e-01 -1.877374449417094304e+00 1.693265983087641979e+00 -1.390710636085393359e+00 -1.569564444845220619e+00 -2.799912325169408578e-01 2.486381424220755754e-02 2.526857419430321786e-02
-2.760041865805452632e-01 -1.872275297765965796e+00 1.679211270343213158e+00 -1.381773506496153603e+00 -1.569559418740454015e+00 -2.763478952243442754e-01 2.491518962027055098e-02 2.525333427558055024e-02
-2.724799802272357963e-01 -1.867167529454552666e+00 1.665181245160607171e+00 -1.372867496783154229e+00 -1.569557329518459721e+00 -2.728125726559173514e-01 2.496648849077168220e-02 2.523864259890053890e-02
-2.690504194243395486e-01 -1.862111212105062696e+00 1.651245609823721372e+00 -1.363999499370580848e+00 -1.569558018164785462e+00 -2.693721979037102532e-01 2.501719481448399368e-02 2.522466368657939190e-02
-2.657099350257737802e-01 -1.857149086173660368e+00 1.637493596685514419e+00 -1.355212558561718073e+00 -1.569561475069446654e+00 -2.660216894506809426e-01 2.506704285032942611e-02 2.521144513636149401e-02
-2.624558222899788795e-01 -1.852312145733679749e+00 1.624027030280692285e+00 -1.346573830305008990e+00 -1.569567671705589529e+00 -2.627584785792286270e-01 2.511245494771695286e-02 2.519369520959143655e-02
-2.592864025914814463e-01 -1.847629328805767246e+00 1.610971726731096565e+00 -1.338175889676193053e+00 -1.569576639820246866e+00 -2.595808754788141437e-01 2.515414318407401678e-02 2.517220435225315731e-02
-2.561987382465241714e-01 -1.843132675577187962e+00 1.598484181462446641e+00 -1.330138049592268334e+00 -1.569588457365150624e+00 -2.564859427541144599e-01 2.519615823373074978e-02 2.515296645928518857e-02
-2.531887460064171091e-01 -1.838857188608728155e+00 1.586747037257097315e+00 -1.322602274149692336e+00 -1.569603227131246781e+00 -2.534696304186472293e-01 2.523830230690638637e-02 2.513585210133576636e-02
-2.502510545151729882e-01 -1.834839368819360939e+00 1.575953525740789285e+00 -1.315720016510653956e+00 -1.569621040615533980e+00 -2.505266284843780666e-01 2.528040560456264185e-02 2.512075569696052557e-02
-2.473870758455896934e-01 -1.831091986397399562e+00 1.566123727272797694e+00 -1.309503112911656331e+00 -1.569641717116241342e+00 -2.476581497953705691e-01 2.532219768694095319e-02 2.510732663633170186e-02
-2.445987445239067026e-01 -1.827618781459064312e+00 1.557220356047820387e+00 -1.303917183465868490e+00 -1.569664934449507276e+00 -2.448659490252323434e-01 2.536163079370109749e-02 2.509156147820742686e-02
-2.418864612955113902e-01 -1.824397062697788563e+00 1.549146851451389084e+00 -1.298896706560905834e+00 -1.569690007651492358e+00 -2.421501109089220782e-01 2.540065127971952857e-02 2.507527469648974591e-02
-2.392523009379419474e-01 -1.821404909489785950e+00 1.541816590567334888e+00 -1.294383409942533092e+00 -1.569716430305869492e+00 -2.395123870415915568e-01 2.544402313381525366e-02 2.506444961083601625e-02
-2.367025041357383730e-01 -1.818624669092024693e+00 1.535150581458491148e+00 -1.290320911066627829e+00 -1.569743954262734720e+00 -2.369586613785058249e-01 2.549247630225990463e-02 2.505948387651231457e-02
-2.342351751369237955e-01 -1.816033906168600609e+00 1.529065586592813331e+00 -1.286652648593259896e+00 -1.569772044826417412e+00 -2.344869971865252700e-01 2.554592535787951132e-02 2.506016033513359248e-02
-2.318360482529788213e-01 -1.813597453788831970e+00 1.523463543380807250e+00 -1.283319820247594167e+00 -1.569799688466762877e+00 -2.320834238541254202e-01 2.560259784797385210e-02 2.506488026906499023e-02
-2.294941298219289327e-01 -1.811286607425448336e+00 1.518262754041603158e+00 -1.280272064942594934e+00 -1.569826223079972660e+00 -2.297371332364756824e-01 2.565992100520211525e-02 2.507124392066149149e-02
-2.272001757261739863e-01 -1.809077247440749936e+00 1.513394474560969316e+00 -1.277466339082907520e+00 -1.569851209108844348e+00 -2.274390117689462920e-01 2.571582555566276004e-02 2.507733672008937223e-02
-2.249475626556369789e-01 -1.806949771116621584e+00 1.508801262061335358e+00 -1.274865575586384692e+00 -1.569874416709185816e+00 -2.251824978658796828e-01 2.576607396346518655e-02 2.507771694077529784e-02
-2.227370865825248902e-01 -1.804894038737398620e+00 1.504437326075858339e+00 -1.272434343029752446e+00 -1.569896011755503640e+00 -2.229682593114710731e-01 2.581010638951258471e-02 2.507166969222093464e-02
-2.205708397167286672e-01 -1.802902395995519047e+00 1.500263987392258302e+00 -1.270141492475169054e+00 -1.569916217697004290e+00 -2.207982429656238366e-01 2.584977509469930587e-02 2.506279245975296180e-02
-2.184499957763770817e-01 -1.800968656643106680e+00 1.496249754907660767e+00 -1.267961238844139471e+00 -1.569935214839027315e+00 -2.186735506327086020e-01 2.588505302842928832e-02 2.505161805123087490e-02
-2.163742268905186339e-01 -1.799087414169353805e+00 1.492368900531340081e+00 -1.265872567298120588e+00 -1.569953115580412506e+00 -2.165938530375821069e-01 2.591629322095280810e-02 2.503853303799463692e-02
-2.143433141547271270e-01 -1.797252517846745112e+00 1.488602960970578204e+00 -1.263862199694262056e+00 -1.569970020111964404e+00 -2.145589047025717733e-01 2.594384232672972135e-02 2.502389288052283417e-02
-2.123566333593579214e-01 -1.795453593129286540e+00 1.484933409368959456e+00 -1.261921112259718258e+00 -1.569985948626312577e+00 -2.125680350271274555e-01 2.596618194800734414e-02 2.500443134836224240e-02
-2.104126771851805300e-01 -1.793680896447365170e+00 1.481344005239451755e+00 -1.260042019526794066e+00 -1.570000905988855777e+00 -2.106197138069809127e-01 2.598591860061533892e-02 2.498449469123852074e-02
-2.085112732029510418e-01 -1.791928586731605932e+00 1.477822314354073185e+00 -1.258217492430940387e+00 -1.570014977352556906e+00 -2.087137658382231808e-01 2.600159755251889304e-02 2.496083762393879260e-02
-2.066518762681450183e-01 -1.790192364335808639e+00 1.474358446258942523e+00 -1.256441177019782751e+00 -1.570028249720485380e+00 -2.068496492587484914e-01 2.601548599658753957e-02 2.493753203865137560e-02
-2.048327084450106972e-01 -1.788467475561972053e+00 1.470942113800941531e+00 -1.254706897763135487e+00 -1.570040745096302981e+00 -2.050256416010281801e-01 2.602766385919598816e-02 2.491470788433454778e-02
-2.030512696017706675e-01 -1.786749029028998015e+00 1.467563474489758324e+00 -1.253009146712408706e+00 -1.570052455237665345e+00 -2.032393131952223431e-01 2.603820740904718226e-02 2.489249393067743260e-02
-2.013054215227609023e-01 -1.785032864460444291e+00 1.464214274674898508e+00 -1.251343282631284248e+00 -1.570063387816985623e+00 -2.014885889979255995e-01 2.604588319183247583e-02 2.486782503753615439e-02
-1.995929919931938856e-01 -1.783316044707180303e+00 1.460888146331409843e+00 -1.249705360437633139e+00 -1.570073566181595881e+00 -1.997713499007056082e-01 2.605123065222054307e-02 2.484124012280321259e-02
-1.979121511720189075e-01 -1.781598723634991721e+00 1.457581791045695629e+00 -1.248091400584769195e+00 -1.570083064033894305e+00 -1.980858170727275713e-01 2.605584432998284822e-02 2.481628022554968963e-02
-1.962614523911657138e-01 -1.779881180391902573e+00 1.454292618707701434e+00 -1.246498043704749037e+00 -1.570091954171187076e+00 -1.964305837691266432e-01 2.605966602618806083e-02 2.479293833936838456e-02
-1.946396916311974867e-01 -1.778163540102686957e+00 1.451018410859742813e+00 -1.244922505035272353e+00 -1.570100297433276726e+00 -1.948044788337176536e-01 2.606168449892408770e-02 2.476829801468533737e-02
-1.930453794431574444e-01 -1.776444728548676633e+00 1.447753026502144547e+00 -1.243359576316729997e+00 -1.570108126267947490e+00 -1.932060178898982183e-01 2.606317669159204098e-02 2.474558971535559260e-02
-1.914774194020915921e-01 -1.774723792947696888e+00 1.444490430483150289e+00 -1.241804039966605711e+00 -1.570115477301240015e+00 -1.916341078270376863e-01 2.606406499971117632e-02 2.472476050156408728e-02
-1.899349257725598816e-01 -1.772999812296585986e+00 1.441225584843206509e+00 -1.240251603320375873e+00 -1.570122382128475991e+00 -1.900878684315447931e-01 2.606352027450532793e-02 2.470302271385213869e-02
-1.884172186542520944e-01 -1.771271515114289263e+00 1.437954042000594290e+00 -1.238698926127773658e+00 -1.570128875090258447e+00 -1.885665985894580399e-01 2.606187176720247203e-02 2.468067319640822668e-02
-1.869249671079449560e-01 -1.769536953641762667e+00 1.434671699231738318e+00 -1.237143707535337978e+00 -1.570135030865343007e+00 -1.870708787391191785e-01 2.606004769380803471e-02 2.466058921864854037e-02
-1.854586635842932762e-01 -1.767794731641749939e+00 1.431375281342310180e+00 -1.235583896617011179e+00 -1.570140907641059291e+00 -1.856011530243381058e-01 2.605794144768910567e-02 2.464264714153174482e-02
-1.840184286433271532e-01 -1.766043607264170534e+00 1.428062021858242714e+00 -1.234017800714668711e+00 -1.570146542891312613e+00 -1.841575170960558783e-01 2.605547049503676230e-02 2.462674156193161296e-02
-1.826041365207875244e-01 -1.764282212764064939e+00 1.424729452660717932e+00 -1.232444150945067429e+00 -1.570151950809759223e+00 -1.827398443046764631e-01 2.605209701861443614e-02 2.461030441100331770e-02
-1.812152184471028105e-01 -1.762508810523584435e+00 1.421375274480931372e+00 -1.230862243915909815e+00 -1.570157129263263451e+00 -1.813475641866324761e-01 2.604806647326160865e-02 2.459353901483562685e-02
-1.798511153144298769e-01 -1.760721949331045977e+00 1.417997613922585165e+00 -1.229271522208948086e+00 -1.570162080324507770e+00 -1.799801187963027127e-01 2.604359113771802930e-02 2.457663347756154984e-02
-1.785113478260095810e-01 -1.758921194092360807e+00 1.414596438298709513e+00 -1.227672203360898440e+00 -1.570166829281752108e+00 -1.786370233012476161e-01 2.603912969484601519e-02 2.456207498795331609e-02
-1.771955583840996440e-01 -1.757106799144829479e+00 1.411172538886114936e+00 -1.226064625456186441e+00 -1.570171404284358863e+00 -1.773179308487665695e-01 2.603453528718545351e-02 2.454972236671490796e-02
-1.759031947149135022e-01 -1.755278967378263832e+00 1.407726566311773730e+00 -1.224449077191811508e+00 -1.570175820919149645e+00 -1.760223047986598788e-01 2.602969230482538379e-02 2.453945297945427789e-02
-1.746341139228628769e-01 -1.753438903091551593e+00 1.404260002989386136e+00 -1.222825676772232084e+00 -1.570180117088564087e+00 -1.747500102690217327e-01 2.602451419264526639e-02 2.453115380823222419e-02
-1.733885614060902136e-01 -1.751588343994496366e+00 1.400774729619554737e+00 -1.221194413286171843e+00 -1.570184335909850182e+00 -1.735013025967776235e-01 2.601880869299490195e-02 2.452255933479705399e-02
-1.721660248091247958e-01 -1.749728939914213521e+00 1.397272591730374769e+00 -1.219555361794220527e+00 -1.570188492837957916e+00 -1.722756913814924296e-01 2.601273954179851577e-02 2.451379464092388188e-02
-1.709658353901879202e-01 -1.747862737017315204e+00 1.393755552220794280e+00 -1.217908337278023501e+00 -1.570192600426216556e+00 -1.710725357642649547e-01 2.600644580051761356e-02 2.450498260235615261e-02
-1.697882995772280745e-01 -1.745991533254877437e+00 1.390225312648285083e+00 -1.216253171804204891e+00 -1.570196699605742818e+00 -1.698921255560561505e-01 2.600005715861512107e-02 2.449622500600176500e-02
-1.686333994578870232e-01 -1.744116741465093545e+00 1.386683277140037029e+00 -1.214589812320625573e+00 -1.570200817640794888e+00 -1.687344240449389909e-01 2.599360116646404900e-02 2.448959838166043720e-02
-1.675011085722187820e-01 -1.742239551729323876e+00 1.383130505419561063e+00 -1.212918096843604632e+00 -1.570204968326968986e+00 -1.675994003721251457e-01 2.598693927367693932e-02 2.448496010231752257e-02
-1.663914400368017021e-01 -1.740361653750198911e+00 1.379568951481196626e+00 -1.211238222645322216e+00 -1.570209170714210956e+00 -1.664870666178369096e-01 2.597996775386516091e-02 2.448218481539637947e-02
-1.653045182855992223e-01 -1.738485771427580984e+00 1.376002212357992915e+00 -1.209550934412252365e+00 -1.570213457770059939e+00 -1.653975511082832472e-01 2.597260996546843850e-02 2.448116076041740447e-02
-1.642404999565784951e-01 -1.736614187698399148e+00 1.372433313725694992e+00 -1.207856884073805093e+00 -1.570217844992354950e+00 -1.643310202110578599e-01 2.596499756241647458e-02 2.447992390640151700e-02
-1.631993403024113998e-01 -1.734748729476516704e+00 1.368864903168905744e+00 -1.206156835457831589e+00 -1.570222339797123778e+00 -1.632874263897448330e-01 2.595724327353272215e-02 2.447853516519090875e-02
-1.621809729162714264e-01 -1.732890873791128605e+00 1.365299143600789522e+00 -1.204451446557822658e+00 -1.570226944066504871e+00 -1.622666980118323554e-01 2.594944601859599034e-02 2.447705768230248186e-02
-1.611853020348369137e-01 -1.731041807530262489e+00 1.361737799397032322e+00 -1.202741287441546625e+00 -1.570231655315796448e+00 -1.612687330585242940e-01 2.594169073102905662e-02 2.447555300824958910e-02
-1.602119982955281519e-01 -1.729202418811269126e+00 1.358182276929627008e+00 -1.201026888439426399e+00 -1.570236468423446663e+00 -1.602931900300837986e-01 2.593370700115976007e-02 2.447580802429767319e-02
-1.592608008575113199e-01 -1.727373196454245807e+00 1.354632707550897930e+00 -1.199307957666675417e+00 -1.570241368609279098e+00 -1.593398062087451883e-01 2.592538399029626489e-02 2.447770474432711674e-02
-1.583303734468115564e-01 -1.725553596646131504e+00 1.351087364376652555e+00 -1.197583446133914542e+00 -1.570246292750042905e+00 -1.584072756045007968e-01 2.591662838007331368e-02 2.448114909202336181e-02
-1.574197336045525530e-01 -1.723743165478041961e+00 1.347544855320504498e+00 -1.195852507697565903e+00 -1.570251192343447455e+00 -1.574946406534111776e-01 2.590778768045906219e-02 2.448440673087571781e-02
-1.565279415179536560e-01 -1.721941441469218237e+00 1.344004133038481763e+00 -1.194114620591239406e+00 -1.570256034571663628e+00 -1.566009667183656529e-01 2.589893156100413207e-02 2.448751552248137897e-02
-1.556540043455548195e-01 -1.720147940613294013e+00 1.340464290597858543e+00 -1.192369412085852565e+00 -1.570260798396199586e+00 -1.557252541028422421e-01 2.588965971301011165e-02 2.449212492004424618e-02
-1.547972043343616433e-01 -1.718362330325210463e+00 1.336924568938486546e+00 -1.190616483785146951e+00 -1.570265462393044986e+00 -1.548667964381809370e-01 2.588038158881352316e-02 2.449656542668719392e-02
-1.539565760266112249e-01 -1.716584208137593492e+00 1.333384424298527771e+00 -1.188855713623741428e+00 -1.570270014071687426e+00 -1.540246200761092032e-01 2.587064323412524222e-02 2.450242987412694362e-02
-1.531315025249160577e-01 -1.714813299334740249e+00 1.329843348485596710e+00 -1.187086877213773928e+00 -1.570274441184571046e+00 -1.531981154969728753e-01 2.586091293973210442e-02 2.450810147976050651e-02
-1.523213756632419424e-01 -1.713049299732552599e+00 1.326300998570553613e+00 -1.185309938894805848e+00 -1.570278739758685704e+00 -1.523866665397004272e-01 2.585124964818518931e-02 2.451360894878893901e-02
-1.515254897717991656e-01 -1.711291864628215365e+00 1.322757030866242633e+00 -1.183524905109734293e+00 -1.570282911107865553e+00 -1.515895515363262225e-01 2.584111339234937063e-02 2.452046592746403089e-02
-1.507432341260777353e-01 -1.709540714440907827e+00 1.319211062493951925e+00 -1.181731676747235893e+00 -1.570286953374235850e+00 -1.508061570988425970e-01 2.583043884683336802e-02 2.452859340879996741e-02
-1.499741905985759183e-01 -1.707795641426497646e+00 1.315662816019419701e+00 -1.179930180872654333e+00 -1.570290863443246643e+00 -1.500360690278982057e-01 2.581981370900228098e-02 2.453647991086490426e-02
